
### SPEARMAN ###
Plottable Points
[[0.0, 1], [7.62939453125e-06, 1], [1.52587890625e-05, 2], [0.00054168701171875, 1], [0.00067901611328125, 1], [0.000701904296875, 1], [0.00070953369140625, 1], [0.0007171630859375, 2], [0.00072479248046875, 1], [0.00083160400390625, 2], [0.0008544921875, 1], [0.00086212158203125, 2], [0.0008697509765625, 2], [0.000885009765625, 1], [0.00095367431640625, 2], [0.0009613037109375, 1], [0.00098419189453125, 2], [0.0009918212890625, 1], [0.00099945068359375, 2], [0.001007080078125, 1], [0.00101470947265625, 2], [0.0010223388671875, 1], [0.00102996826171875, 2], [0.00103759765625, 1], [0.00104522705078125, 1], [0.00106048583984375, 1], [0.001068115234375, 2], [0.0012359619140625, 2], [0.00128936767578125, 2], [0.0012969970703125, 1], [0.00130462646484375, 1], [0.00131988525390625, 1], [0.0013275146484375, 1], [0.00153350830078125, 2], [0.0015411376953125, 2], [0.00154876708984375, 1], [0.0016021728515625, 1], [0.00160980224609375, 1], [0.001617431640625, 2], [0.00164031982421875, 1], [0.00164794921875, 1], [0.00167083740234375, 2], [0.001678466796875, 1], [0.00168609619140625, 1], [0.0016937255859375, 2], [0.00171661376953125, 1], [0.0017242431640625, 1], [0.001739501953125, 1], [0.0018463134765625, 1], [0.00189971923828125, 2], [0.0019073486328125, 2], [0.00191497802734375, 1], [0.001922607421875, 1], [0.0019378662109375, 2], [0.001953125, 1], [0.00395965576171875, 1], [0.00396728515625, 1], [0.00403594970703125, 1], [0.0040435791015625, 1], [0.00418853759765625, 1], [0.0041961669921875, 1], [0.00421142578125, 1], [0.00423431396484375, 2], [0.004241943359375, 2], [0.00424957275390625, 1], [0.0042572021484375, 1], [0.00428009033203125, 1], [0.0042877197265625, 1], [0.0043182373046875, 2], [0.00434112548828125, 1], [0.00437164306640625, 1], [0.0043792724609375, 1], [0.00438690185546875, 1], [0.00439453125, 2], [0.0059051513671875, 2], [0.00591278076171875, 2], [0.00592041015625, 2], [0.0059967041015625, 2], [0.00603485107421875, 1], [0.00604248046875, 2], [0.00635528564453125, 1], [0.0063934326171875, 2], [0.00640869140625, 2], [0.00655364990234375, 1], [0.006561279296875, 2], [0.0065765380859375, 2], [0.00661468505859375, 2], [0.00666046142578125, 2], [0.0066680908203125, 1], [0.00667572021484375, 2], [0.006683349609375, 2], [0.07440948486328125, 2], [0.33274078369140625, 3], [0.8024368286132812, 7], [0.8744735717773438, 9], [0.8850173950195312, 9], [0.8850250244140625, 9], [0.8850326538085938, 9], [0.885040283203125, 9], [0.8850479125976562, 9], [0.8850631713867188, 9], [0.88507080078125, 9], [0.8851242065429688, 9], [0.8851318359375, 9], [0.8865737915039062, 10], [0.8865890502929688, 9], [0.8866806030273438, 10], [0.886688232421875, 10], [0.8976898193359375, 11], [0.8990020751953125, 11], [0.8990097045898438, 11], [0.8992233276367188, 11], [0.9124221801757812, 12], [0.9279937744140625, 14], [0.9280624389648438, 14], [0.928070068359375, 14], [0.9281692504882812, 14], [0.928192138671875, 14], [0.9286270141601562, 14], [0.9286346435546875, 14], [0.9286880493164062, 14], [0.9302597045898438, 14], [0.930267333984375, 14], [0.9302902221679688, 14], [0.941436767578125, 16], [0.94622802734375, 17], [0.953277587890625, 18], [0.956451416015625, 19], [0.9571151733398438, 20], [0.957122802734375, 20], [0.9571380615234375, 20], [0.9571456909179688, 20], [0.9571533203125, 20], [0.963775634765625, 21], [0.965362548828125, 22], [0.9683303833007812, 22], [0.9683380126953125, 23], [0.9710464477539062, 24], [0.97235107421875, 25], [0.9731674194335938, 26], [0.9749603271484375, 27], [0.9764404296875, 28], [0.9776840209960938, 29], [0.9799423217773438, 30], [0.982086181640625, 31], [0.9825668334960938, 31], [0.9825973510742188, 32], [0.9839324951171875, 33], [0.9847335815429688, 34], [0.9875640869140625, 35], [0.9877166748046875, 36], [0.9885101318359375, 37], [0.9890213012695312, 38], [0.9900970458984375, 39], [0.9909591674804688, 40], [0.9911117553710938, 41], [0.9929428100585938, 42], [0.9931411743164062, 43], [0.9931564331054688, 43], [0.99365234375, 44], [0.9942626953125, 45], [0.994354248046875, 46], [0.9946823120117188, 47], [0.9958724975585938, 47], [0.995880126953125, 48], [0.9965133666992188, 49], [0.9966278076171875, 50], [0.996856689453125, 51], [0.997467041015625, 52], [0.9978713989257812, 53], [0.9980621337890625, 54], [0.9984207153320312, 55], [0.9984588623046875, 56], [0.9987258911132812, 57], [0.99896240234375, 58], [0.9995498657226562, 59], [0.9996795654296875, 60], [0.999908447265625, 61], [1.0, 61]]

Jump List (alphas just after a jump, within the tolerance)
[0.0, 7.62939453125e-06, 1.52587890625e-05, 0.00054168701171875, 0.00067901611328125, 0.000701904296875, 
0.00070953369140625, 0.0007171630859375, 0.00072479248046875, 0.00083160400390625, 0.0008544921875, 
0.00086212158203125, 0.0008697509765625, 0.000885009765625, 0.00095367431640625, 0.0009613037109375, 
0.00098419189453125, 0.0009918212890625, 0.00099945068359375, 0.001007080078125, 0.00101470947265625, 
0.0010223388671875, 0.00102996826171875, 0.00103759765625, 0.00104522705078125, 0.00106048583984375, 
0.001068115234375, 0.0012359619140625, 0.00128936767578125, 0.0012969970703125, 0.00130462646484375, 
0.00131988525390625, 0.0013275146484375, 0.00153350830078125, 0.0015411376953125, 0.00154876708984375, 
0.0016021728515625, 0.00160980224609375, 0.001617431640625, 0.00164031982421875, 0.00164794921875, 0.00167083740234375, 
0.001678466796875, 0.00168609619140625, 0.0016937255859375, 0.00171661376953125, 0.0017242431640625, 0.001739501953125, 
0.0018463134765625, 0.00189971923828125, 0.0019073486328125, 0.00191497802734375, 0.001922607421875, 0.0019378662109375, 
0.001953125, 0.00395965576171875, 0.00396728515625, 0.00403594970703125, 0.0040435791015625, 0.00418853759765625, 0.0041961669921875, 
0.00421142578125, 0.00423431396484375, 0.004241943359375, 0.00424957275390625, 0.0042572021484375, 0.00428009033203125, 
0.0042877197265625, 0.0043182373046875, 0.00434112548828125, 0.00437164306640625, 0.0043792724609375, 0.00438690185546875, 
0.00439453125, 0.0059051513671875, 0.00591278076171875, 0.00592041015625, 0.0059967041015625, 0.00603485107421875, 
0.00604248046875, 0.00635528564453125, 0.0063934326171875, 0.00640869140625, 0.00655364990234375, 0.006561279296875, 
0.0065765380859375, 0.00661468505859375, 0.00666046142578125, 0.0066680908203125, 0.00667572021484375, 0.006683349609375, 
0.07440948486328125, 0.33274078369140625, 0.8024368286132812, 0.8744735717773438, 0.8850173950195312, 0.8850250244140625, 0.8850326538085938, 0.885040283203125, 0.8850479125976562, 0.8850631713867188, 0.88507080078125, 0.8851242065429688, 0.8851318359375, 0.8865737915039062, 0.8865890502929688, 0.8866806030273438, 0.886688232421875, 0.8976898193359375, 0.8990020751953125, 0.8990097045898438, 0.8992233276367188, 0.9124221801757812, 0.9279937744140625, 0.9280624389648438, 0.928070068359375, 0.9281692504882812, 0.928192138671875, 0.9286270141601562, 0.9286346435546875, 0.9286880493164062, 0.9302597045898438, 0.930267333984375, 0.9302902221679688, 0.941436767578125, 0.94622802734375, 0.953277587890625, 0.956451416015625, 0.9571151733398438, 0.957122802734375, 0.9571380615234375, 0.9571456909179688, 0.9571533203125, 0.963775634765625, 0.965362548828125, 0.9683303833007812, 0.9683380126953125, 0.9710464477539062, 0.97235107421875, 0.9731674194335938, 0.9749603271484375, 0.9764404296875, 0.9776840209960938, 0.9799423217773438, 0.982086181640625, 0.9825668334960938, 0.9825973510742188, 0.9839324951171875, 0.9847335815429688, 0.9875640869140625, 0.9877166748046875, 0.9885101318359375, 0.9890213012695312, 0.9900970458984375, 0.9909591674804688, 0.9911117553710938, 0.9929428100585938, 0.9931411743164062, 0.9931564331054688, 0.99365234375, 0.9942626953125, 0.994354248046875, 0.9946823120117188, 0.9958724975585938, 0.995880126953125, 0.9965133666992188, 0.9966278076171875, 0.996856689453125, 0.997467041015625, 0.9978713989257812, 0.9980621337890625, 0.9984207153320312, 0.9984588623046875, 0.9987258911132812, 0.99896240234375, 0.9995498657226562, 0.9996795654296875, 0.999908447265625, 1.0]
Subset List
[[48], [4], [6, 33], [4], [10], [4], [4], [6, 33], [55], [6, 33], [7], [6, 33], [6, 33], [55], [6, 33], 
[10], [6, 33], [4], [6, 33], [10], [6, 33], [4], [6, 33], [7], [4], [4], [6, 33], [6, 33], [24, 50], [4], [59], [10], 
[10], [6, 33], [6, 33], [4], [7], [4], [6, 33], [4], [7], [6, 33], [10], [4], [6, 33], [10], [55], [55], [4], [6, 33], 
[6, 33], [10], [55], [6, 33], [7], [55], [55], [4], [7], [10], [32], [60], [6, 33], [6, 33], [59], [4], [4], [10], 
[6, 33], [4], [14], [32], [10], [21, 55], [21, 55], [21, 55], [21, 55], [21, 55], [4], [6, 33], 
[4], [21, 55], [6, 33], [4], [21, 55], [6, 33], [6, 33], [21, 55], [10], [6, 33], [21, 55], 
[4, 50], [4, 31, 50], [4, 7, 16, 20, 50, 58, 60], [4, 10, 16, 28, 30, 34, 47, 55, 60], 
[4, 10, 16, 28, 30, 34, 47, 55, 60], [4, 10, 16, 28, 30, 34, 47, 55, 60], 
[4, 10, 16, 21, 28, 30, 47, 55, 60], [4, 10, 16, 21, 28, 30, 47, 55, 60], 
[4, 10, 16, 21, 28, 30, 47, 55, 60], [4, 10, 16, 21, 28, 32, 47, 55, 60], 
[4, 10, 16, 28, 30, 34, 47, 55, 60], [4, 10, 16, 28, 30, 34, 47, 55, 60], 
[4, 10, 16, 21, 28, 30, 47, 55, 60], [1, 4, 10, 16, 28, 30, 34, 47, 59, 60], 
[4, 10, 16, 21, 28, 30, 47, 55, 60], 
[1, 4, 10, 16, 28, 30, 34, 47, 59, 60], 
[1, 4, 10, 16, 28, 30, 34, 47, 59, 60], 
[1, 4, 6, 10, 16, 28, 30, 34, 47, 59, 60], 
[1, 4, 6, 10, 14, 21, 28, 30, 43, 59, 60], 
[1, 4, 6, 10, 16, 28, 30, 34, 47, 59, 60], 
[1, 4, 6, 10, 14, 21, 28, 30, 43, 59, 60], [1, 4, 6, 10, 14, 21, 28, 32, 43, 58, 59, 60], 
[1, 4, 6, 7, 10, 14, 21, 28, 32, 43, 50, 58, 59, 60], [1, 4, 6, 7, 10, 14, 21, 28, 32, 43, 50, 58, 59, 60], 
[1, 4, 6, 7, 10, 14, 16, 21, 28, 30, 43, 58, 59, 60], [1, 4, 6, 7, 10, 14, 21, 28, 32, 43, 50, 58, 59, 60], [1, 4, 6, 7, 10, 14, 16, 21, 28, 30, 43, 58, 59, 60], [1, 4, 6, 7, 10, 14, 21, 28, 32, 43, 50, 58, 59, 60], [1, 4, 6, 7, 10, 14, 21, 28, 30, 43, 50, 58, 59, 60], [1, 4, 6, 7, 10, 14, 16, 21, 28, 30, 43, 58, 59, 60], [1, 4, 6, 7, 10, 14, 16, 21, 28, 30, 43, 58, 59, 60], [1, 4, 6, 7, 10, 14, 16, 21, 28, 30, 43, 58, 59, 60], [1, 4, 6, 7, 10, 14, 16, 21, 28, 30, 43, 58, 59, 60], [1, 4, 6, 7, 10, 14, 16, 21, 28, 32, 43, 50, 53, 58, 59, 60], [1, 4, 6, 7, 10, 14, 16, 21, 28, 32, 39, 43, 50, 53, 58, 59, 60], [0, 1, 4, 6, 7, 10, 14, 16, 21, 28, 32, 39, 43, 50, 53, 58, 59, 60], [0, 1, 4, 6, 7, 10, 14, 16, 21, 28, 32, 39, 43, 50, 53, 57, 58, 59, 60], [0, 1, 4, 6, 7, 10, 14, 16, 19, 21, 28, 32, 39, 43, 50, 53, 55, 58, 59, 60], [0, 1, 4, 6, 7, 10, 14, 16, 18, 21, 28, 32, 39, 43, 50, 53, 55, 58, 59, 60], [0, 1, 4, 6, 7, 10, 14, 16, 19, 21, 28, 32, 39, 43, 50, 53, 55, 58, 59, 60], [0, 1, 4, 6, 7, 10, 14, 16, 19, 21, 28, 32, 39, 43, 50, 53, 55, 58, 59, 60], [0, 1, 4, 6, 7, 10, 14, 16, 18, 21, 28, 32, 39, 43, 50, 53, 55, 58, 59, 60], [0, 1, 2, 4, 6, 7, 10, 14, 16, 19, 21, 28, 32, 39, 43, 50, 53, 55, 58, 59, 60], [0, 1, 2, 4, 6, 7, 10, 14, 16, 19, 21, 28, 32, 39, 43, 47, 50, 53, 55, 58, 59, 60], [0, 1, 2, 4, 6, 7, 10, 14, 16, 19, 21, 28, 32, 39, 43, 47, 50, 53, 55, 58, 59, 60], [0, 1, 2, 4, 6, 7, 10, 14, 16, 18, 21, 28, 32, 34, 39, 43, 47, 50, 53, 55, 58, 59, 60], [0, 1, 2, 4, 6, 7, 10, 14, 16, 19, 21, 28, 30, 32, 34, 39, 43, 47, 50, 53, 55, 58, 59, 60], [0, 1, 2, 4, 6, 7, 10, 14, 16, 19, 21, 28, 30, 32, 34, 39, 43, 44, 47, 50, 53, 55, 58, 59, 60], [0, 1, 2, 4, 6, 7, 10, 14, 16, 19, 21, 28, 30, 32, 34, 39, 43, 44, 47, 50, 53, 55, 57, 58, 59, 60], [0, 1, 2, 4, 6, 7, 10, 14, 16, 19, 21, 28, 30, 32, 34, 39, 42, 43, 44, 47, 50, 53, 55, 57, 58, 59, 60], [0, 1, 2, 4, 6, 7, 10, 14, 16, 19, 21, 28, 30, 32, 33, 34, 39, 42, 43, 44, 47, 50, 53, 55, 57, 58, 59, 60], [0, 1, 2, 4, 6, 7, 10, 14, 16, 19, 21, 28, 30, 32, 33, 34, 39, 42, 43, 44, 47, 50, 51, 53, 55, 57, 58, 59, 60], [0, 1, 2, 4, 6, 7, 10, 14, 16, 19, 20, 21, 28, 30, 32, 33, 34, 39, 42, 43, 44, 47, 50, 51, 53, 55, 57, 58, 59, 60], [0, 1, 2, 3, 4, 6, 7, 10, 14, 16, 19, 20, 21, 28, 30, 32, 33, 34, 39, 42, 43, 44, 47, 50, 51, 53, 55, 57, 58, 59, 60], [0, 1, 2, 4, 6, 7, 10, 14, 16, 18, 19, 20, 21, 28, 30, 32, 33, 34, 39, 42, 43, 44, 47, 50, 51, 53, 55, 57, 58, 59, 60], [0, 1, 2, 3, 4, 6, 7, 10, 14, 16, 18, 19, 20, 21, 28, 30, 32, 33, 34, 39, 42, 43, 44, 47, 50, 51, 53, 55, 57, 58, 59, 60], [0, 1, 2, 3, 4, 6, 7, 10, 14, 16, 18, 19, 20, 21, 28, 30, 31, 32, 33, 34, 39, 42, 43, 44, 47, 50, 51, 53, 55, 57, 58, 59, 60], [0, 1, 2, 3, 4, 6, 7, 10, 14, 16, 18, 19, 20, 21, 28, 29, 30, 31, 32, 33, 34, 39, 42, 43, 44, 47, 50, 51, 53, 55, 57, 58, 59, 60], [0, 1, 2, 3, 4, 6, 7, 10, 13, 14, 16, 18, 19, 20, 21, 28, 29, 30, 31, 32, 33, 34, 39, 42, 43, 44, 47, 50, 51, 53, 55, 57, 58, 59, 60], [0, 1, 2, 3, 4, 6, 7, 10, 13, 14, 16, 18, 19, 20, 21, 28, 29, 30, 31, 32, 33, 34, 35, 39, 42, 43, 44, 47, 50, 51, 53, 55, 57, 58, 59, 60], [0, 1, 2, 3, 4, 5, 6, 7, 10, 13, 14, 16, 18, 19, 20, 21, 28, 29, 30, 31, 32, 33, 34, 35, 39, 42, 43, 44, 47, 50, 51, 53, 55, 57, 58, 59, 60], [0, 1, 2, 3, 4, 5, 6, 7, 10, 11, 13, 14, 16, 18, 19, 20, 21, 28, 29, 30, 31, 32, 33, 34, 35, 39, 42, 43, 44, 47, 50, 51, 53, 55, 57, 58, 59, 60], [0, 1, 2, 3, 4, 5, 6, 7, 10, 11, 13, 14, 16, 18, 19, 20, 21, 22, 28, 29, 30, 31, 32, 33, 34, 35, 39, 42, 43, 44, 47, 50, 51, 53, 55, 57, 58, 59, 60], [0, 1, 2, 3, 4, 5, 6, 7, 10, 11, 13, 14, 16, 18, 19, 20, 21, 22, 28, 29, 30, 31, 32, 33, 34, 35, 39, 42, 43, 44, 47, 49, 50, 51, 53, 55, 57, 58, 59, 60], [0, 1, 2, 3, 4, 5, 6, 7, 10, 11, 13, 14, 16, 17, 18, 19, 20, 21, 22, 28, 29, 30, 31, 32, 33, 34, 35, 39, 42, 43, 44, 47, 49, 50, 51, 53, 55, 57, 58, 59, 60], [0, 1, 2, 3, 4, 5, 6, 7, 10, 11, 13, 14, 16, 17, 18, 19, 20, 21, 22, 28, 29, 30, 31, 32, 33, 34, 35, 39, 42, 43, 44, 45, 47, 49, 50, 51, 53, 55, 57, 58, 59, 60], [0, 1, 2, 3, 4, 5, 6, 7, 10, 11, 13, 14, 16, 17, 18, 19, 20, 21, 22, 28, 29, 30, 31, 32, 33, 34, 35, 39, 42, 43, 44, 45, 47, 49, 50, 51, 52, 53, 55, 57, 58, 59, 60], [0, 1, 2, 3, 4, 5, 6, 7, 10, 11, 13, 14, 16, 17, 18, 19, 20, 21, 22, 26, 28, 29, 30, 31, 32, 33, 34, 35, 39, 42, 43, 44, 47, 49, 50, 51, 52, 53, 55, 57, 58, 59, 60], [0, 1, 2, 3, 4, 5, 6, 7, 10, 11, 13, 14, 16, 17, 18, 19, 20, 21, 22, 26, 28, 29, 30, 31, 32, 33, 34, 35, 39, 42, 43, 44, 45, 47, 49, 50, 51, 52, 53, 55, 57, 58, 59, 60], [0, 1, 2, 3, 4, 5, 6, 7, 10, 11, 13, 14, 16, 17, 18, 19, 20, 21, 22, 26, 28, 29, 30, 31, 32, 33, 34, 35, 39, 42, 43, 44, 45, 47, 49, 50, 51, 52, 53, 55, 56, 57, 58, 59, 60], [0, 1, 2, 3, 4, 5, 6, 7, 8, 10, 11, 13, 14, 16, 17, 18, 19, 20, 21, 22, 26, 28, 29, 30, 31, 32, 33, 34, 35, 39, 42, 43, 44, 45, 47, 49, 50, 51, 52, 53, 55, 56, 57, 58, 59, 60], [0, 1, 2, 3, 4, 5, 6, 7, 8, 10, 11, 13, 14, 16, 17, 18, 19, 20, 21, 22, 26, 28, 29, 30, 31, 32, 33, 34, 35, 38, 39, 42, 43, 44, 45, 47, 49, 50, 51, 52, 53, 55, 56, 57, 58, 59, 60], [0, 1, 2, 3, 4, 5, 6, 7, 8, 10, 11, 13, 14, 16, 17, 18, 19, 20, 21, 22, 26, 28, 29, 30, 31, 32, 33, 34, 35, 37, 39, 42, 43, 44, 45, 47, 49, 50, 51, 52, 53, 55, 56, 57, 58, 59, 60], [0, 1, 2, 3, 4, 5, 6, 7, 8, 10, 11, 13, 14, 16, 17, 18, 19, 20, 21, 22, 26, 28, 29, 30, 31, 32, 33, 34, 35, 37, 38, 39, 42, 43, 44, 45, 47, 49, 50, 51, 52, 53, 55, 56, 57, 58, 59, 60], [0, 1, 2, 3, 4, 5, 6, 7, 8, 10, 11, 13, 14, 16, 17, 18, 19, 20, 21, 22, 24, 26, 28, 29, 30, 31, 32, 33, 34, 35, 37, 38, 39, 42, 43, 44, 45, 47, 49, 50, 51, 52, 53, 55, 56, 57, 58, 59, 60], [0, 1, 2, 3, 4, 5, 6, 7, 8, 10, 11, 13, 14, 16, 17, 18, 19, 20, 21, 22, 24, 26, 28, 29, 30, 31, 32, 33, 34, 35, 36, 37, 38, 39, 42, 43, 44, 45, 47, 49, 50, 51, 52, 53, 55, 56, 57, 58, 59, 60], [0, 1, 2, 3, 4, 5, 6, 7, 8, 10, 11, 13, 14, 16, 17, 18, 19, 20, 21, 22, 24, 26, 28, 29, 30, 31, 32, 33, 34, 35, 36, 37, 38, 39, 42, 43, 44, 45, 46, 47, 49, 50, 51, 52, 53, 55, 56, 57, 58, 59, 60], [0, 1, 2, 3, 4, 5, 6, 7, 8, 10, 11, 13, 14, 16, 17, 18, 19, 20, 21, 22, 24, 26, 28, 29, 30, 31, 32, 33, 34, 35, 36, 37, 38, 39, 42, 43, 44, 45, 46, 47, 48, 49, 50, 51, 52, 53, 55, 56, 57, 58, 59, 60], [0, 1, 2, 3, 4, 5, 6, 7, 8, 9, 10, 11, 13, 14, 16, 17, 18, 19, 20, 21, 22, 24, 26, 28, 29, 30, 31, 32, 33, 34, 35, 36, 37, 38, 39, 42, 43, 44, 45, 46, 47, 48, 49, 50, 51, 52, 53, 55, 56, 57, 58, 59, 60], [0, 1, 2, 3, 4, 5, 6, 7, 8, 9, 10, 11, 13, 14, 16, 17, 18, 19, 20, 21, 22, 24, 25, 26, 28, 29, 30, 31, 32, 33, 34, 35, 36, 37, 38, 39, 42, 43, 44, 45, 46, 47, 48, 49, 50, 51, 52, 53, 55, 56, 57, 58, 59, 60], [0, 1, 2, 3, 4, 5, 6, 7, 8, 9, 10, 11, 13, 14, 16, 17, 18, 19, 20, 21, 22, 24, 25, 26, 28, 29, 30, 31, 32, 33, 34, 35, 36, 37, 38, 39, 41, 42, 43, 44, 45, 46, 47, 48, 49, 50, 51, 52, 53, 55, 56, 57, 58, 59, 60], [0, 1, 2, 3, 4, 5, 6, 7, 8, 9, 10, 11, 13, 14, 15, 16, 17, 18, 19, 20, 21, 22, 24, 25, 26, 28, 29, 30, 31, 32, 33, 34, 35, 36, 37, 38, 39, 41, 42, 43, 44, 45, 46, 47, 48, 49, 50, 51, 52, 53, 55, 56, 57, 58, 59, 60], [0, 1, 2, 3, 4, 5, 6, 7, 8, 9, 10, 11, 13, 14, 15, 16, 17, 18, 19, 20, 21, 22, 24, 25, 26, 28, 29, 30, 31, 32, 33, 34, 35, 36, 37, 38, 39, 40, 41, 42, 43, 44, 45, 46, 47, 48, 49, 50, 51, 52, 53, 55, 56, 57, 58, 59, 60], [0, 1, 2, 3, 4, 5, 6, 7, 8, 9, 10, 11, 13, 14, 15, 16, 17, 18, 19, 20, 21, 22, 23, 24, 25, 26, 28, 29, 30, 31, 32, 33, 34, 35, 36, 37, 38, 39, 40, 41, 42, 43, 44, 45, 46, 47, 48, 49, 50, 51, 52, 53, 55, 56, 57, 58, 59, 60], [0, 1, 2, 3, 4, 5, 6, 7, 8, 9, 10, 11, 12, 13, 14, 15, 16, 17, 18, 19, 20, 21, 22, 23, 24, 25, 26, 28, 29, 30, 31, 32, 33, 34, 35, 36, 37, 38, 39, 40, 41, 42, 43, 44, 45, 46, 47, 48, 49, 50, 51, 52, 53, 55, 56, 57, 58, 59, 60], [0, 1, 2, 3, 4, 5, 6, 7, 8, 9, 10, 11, 12, 13, 14, 15, 16, 17, 18, 19, 20, 21, 22, 23, 24, 25, 26, 28, 29, 30, 31, 32, 33, 34, 35, 36, 37, 38, 39, 40, 41, 42, 43, 44, 45, 46, 47, 48, 49, 50, 51, 52, 53, 54, 55, 56, 57, 58, 59, 60], [0, 1, 2, 3, 4, 5, 6, 7, 8, 9, 10, 11, 12, 13, 14, 15, 16, 17, 18, 19, 20, 21, 22, 23, 24, 25, 26, 27, 28, 29, 30, 31, 32, 33, 34, 35, 36, 37, 38, 39, 40, 41, 42, 43, 44, 45, 46, 47, 48, 49, 50, 51, 52, 53, 54, 55, 56, 57, 58, 59, 60], 
[0, 1, 2, 3, 4, 5, 6, 7, 8, 9, 10, 11, 12, 13, 14, 15, 16, 17, 18, 19, 20, 21, 22, 23, 24, 25, 26, 27, 28, 29, 30, 31, 32, 33, 34, 35, 36, 37, 38, 39, 40, 41, 42, 43, 44, 45, 46, 47, 48, 49, 50, 51, 52, 53, 54, 55, 56, 57, 58, 59, 60]]